year	Charles Dickens	Merry Christmas
1800	9.59135930678201e-08	0.0
1801	7.673087445425609e-08	0.0
1802	6.394239537854673e-08	0.0
1803	5.480776746732577e-08	0.0
1804	9.697443863793914e-09	0.0
1805	1.0527961359839213e-08	0.0
1806	1.2510657525816832e-08	0.0
1807	7.262513257444425e-09	0.0
1808	1.1887707453338083e-08	0.0
1809	1.1887707453338083e-08	0.0
1810	1.2832831495858597e-08	0.0
1811	9.657744381996736e-09	0.0
1812	7.553014404391791e-09	0.0
1813	5.570318238414172e-09	0.0
1814	6.319204905379041e-09	7.488866669648684e-10
1815	1.694010709485383e-09	7.488866669648684e-10
1816	1.694010709485383e-09	7.811639335386644e-09
1817	7.488866669648684e-10	7.811639335386644e-09
1818	3.758115088966665e-09	7.811639335386644e-09
1819	3.758115088966665e-09	1.032962972301123e-08
1820	3.758115088966665e-09	1.032962972301123e-08
1821	3.0092284220017973e-09	9.580743056046361e-09
1822	3.0092284220017973e-09	1.0865761877555867e-08
1823	4.130184702181136e-09	3.803009209134091e-09
1824	4.130184702181136e-09	4.88143151297241e-09
1825	1.1209562801793383e-09	5.38101008196179e-09
1826	3.910509757279865e-09	2.8630196943372053e-09
1827	5.90630655494806e-09	3.6613384387810098e-09
1828	5.90630655494806e-09	3.6613384387810098e-09
1829	9.38618960333315e-09	3.2462903793677763e-09
1830	9.146869991586267e-09	4.127927047800231e-09
1831	9.146869991586267e-09	3.0495047439619125e-09
1832	9.146869991586267e-09	3.70493762653317e-09
1833	8.974297685934322e-09	4.452646568913516e-09
1834	1.2245281677536468e-08	3.6543278244697117e-09
1835	6.864688506524885e-08	3.6543278244697117e-09
1836	8.003781085516185e-08	9.063143061435345e-09
1837	8.205821926716389e-08	8.826405320913215e-09
1838	9.440747637613964e-08	1.0943420836184714e-08
1839	1.2030953427150897e-07	1.3320508188538075e-08
1840	1.3055325176480892e-07	1.5280314727813708e-08
1841	1.3507494830581175e-07	1.5280314727813708e-08
1842	9.394047622330553e-08	2.066871404185885e-08
1843	9.275285377847403e-08	1.5579770299264543e-08
1844	1.0217060873531279e-07	1.6166851349705017e-08
1845	1.0653331981659773e-07	1.9620491897853753e-08
1846	1.0376605428876116e-07	1.9558611746057456e-08
1847	1.30473978288137e-07	2.6878761565691482e-08
1848	1.4458425060378692e-07	3.196360230463467e-08
1849	2.2204816778932062e-07	3.048997016768291e-08
1850	2.483891309777521e-07	3.9579553729700885e-08
1851	2.62649220214176e-07	4.3943339887521556e-08
1852	3.248068541747021e-07	4.4907594087817415e-08
1853	3.3328797550374087e-07	4.520615983137434e-08
1854	3.259012260059535e-07	3.92612695370482e-08
1855	3.4937883900251367e-07	3.669644803900545e-08
1856	3.1304055068760916e-07	3.81192672348009e-08
1857	3.0940007889057597e-07	3.3230015564608295e-08
1858	3.2641018776757846e-07	3.411384343264347e-08
1859	2.949872554479173e-07	3.1704730523480455e-08
1860	3.2075357531929125e-07	3.60868315547285e-08
1861	3.469356581068236e-07	3.808939779454639e-08
1862	3.4434375249605053e-07	4.452627016300019e-08
1863	3.4467853993191966e-07	4.8394470399313964e-08
1864	3.64321083777343e-07	6.194273690799232e-08
1865	3.947285733829631e-07	7.340192910630452e-08
1866	4.6938906247565425e-07	7.831206108984848e-08
1867	7.176267047270812e-07	7.264589006540843e-08
1868	8.649388527308994e-07	8.116476912789494e-08
1869	1.0865692680844013e-06	8.039044807617302e-08
1870	1.2160022606622078e-06	8.006057150566903e-08
1871	1.3745845178293945e-06	7.183113659436913e-08
1872	1.4650829192370502e-06	6.659473607482726e-08
1873	1.4241506554364086e-06	7.649290090228078e-08
1874	1.2706061543862494e-06	8.298981920721157e-08
1875	1.2110318315145768e-06	7.942440000923462e-08
1876	1.2070794436372774e-06	8.748950770203529e-08
1877	1.2588903197346163e-06	8.886948827629177e-08
1878	1.2086805603368184e-06	8.869443490766571e-08
1879	1.315411485133414e-06	8.816353767672678e-08
1880	1.426041844102396e-06	8.402877885568419e-08
1881	1.4671617723901624e-06	9.436667726601757e-08
1882	1.5812688129049742e-06	9.795170744350149e-08
1883	1.5675277609261684e-06	1.0154185657386603e-07
1884	1.5876747901139815e-06	1.1065759407204365e-07
1885	1.603038315676843e-06	1.1381981173436933e-07
1886	1.4848210574720205e-06	1.2450156004563594e-07
1887	1.4645246762613949e-06	1.3341233134107305e-07
1888	1.642746578259643e-06	1.2868648216876215e-07
1889	1.5136036982507254e-06	1.3631913122123608e-07
1890	1.5128239202307929e-06	1.3865615703220362e-07
1891	1.4740392007947127e-06	1.3503777905400837e-07
1892	1.4789710982248444e-06	1.4237045421948225e-07
1893	1.455440667541552e-06	1.3973617996043686e-07
1894	1.4333172576438561e-06	1.3370951279512155e-07
1895	1.238730525139025e-06	1.3876366113306305e-07
1896	1.287344746612819e-06	1.393815937587663e-07
1897	1.200120745384733e-06	1.4280778413779315e-07
1898	1.1107285899925046e-06	1.4685818021981894e-07
1899	1.1195051976236364e-06	1.4981846163664159e-07
1900	1.1480006248478145e-06	1.5562389827599482e-07
1901	1.1319542230532015e-06	1.5925920544240008e-07
1902	1.1332123952862666e-06	1.6521098952385467e-07
1903	1.185731978888985e-06	1.6436728295892472e-07
1904	1.2382417529417061e-06	1.6358483126818362e-07
1905	1.4027417185908625e-06	1.7250484672461296e-07
1906	1.3876412643704889e-06	1.782087528973924e-07
1907	1.4848288287794276e-06	1.9337193789072315e-07
1908	1.5504423182781984e-06	2.1788783044485172e-07
1909	1.620892102697066e-06	2.3573965433700194e-07
1910	1.5370629041301851e-06	2.551403456761493e-07
1911	1.501408779144445e-06	2.758191369269168e-07
1912	1.3385776794296232e-06	2.856128641529462e-07
1913	1.328111328088458e-06	3.0174337796649654e-07
1914	1.1536802162481763e-06	3.0678636773830347e-07
1915	1.089224789601368e-06	3.0678813800477656e-07
1916	9.927001169022072e-07	3.001122885442393e-07
1917	9.629414015372667e-07	2.925979945952609e-07
1918	9.042889977146322e-07	2.8122184809425174e-07
1919	9.212997887126611e-07	2.8306239739452265e-07
1920	8.870731481433072e-07	2.73793087249682e-07
1921	9.609951397188915e-07	2.585185906614892e-07
1922	9.870959729596507e-07	2.4264905107429513e-07
1923	1.0094077457064747e-06	2.4283202597936384e-07
1924	1.0739426313323617e-06	2.5002491911761483e-07
1925	1.1476588334906929e-06	2.5308320467891985e-07
1926	1.1721592240324493e-06	2.52376839934446e-07
1927	1.1770114269893384e-06	2.4624219666488247e-07
1928	1.141426066299443e-06	2.539399608687225e-07
1929	1.1257788271125589e-06	2.5992086908185487e-07
1930	1.0824523185095001e-06	2.5418795043411334e-07
1931	1.086432137396644e-06	2.7127210598467043e-07
1932	1.0624752024211505e-06	2.6410894398460574e-07
1933	1.0702912699603724e-06	2.6793236226499826e-07
1934	1.0334196157860527e-06	2.806068571154745e-07
1935	1.0533875557225007e-06	2.8167746636752e-07
1936	1.0212857546321175e-06	2.967570225109739e-07
1937	1.009626479182251e-06	3.16429664946684e-07
1938	9.378949568729565e-07	3.1097317178461837e-07
1939	8.50581272970885e-07	3.313389364783299e-07
1940	7.898527607202206e-07	3.501096646881966e-07
1941	7.849182160108674e-07	3.715536617424472e-07
1942	7.713151879735441e-07	3.9050164397329876e-07
1943	7.751855345564504e-07	3.903054895155427e-07
1944	7.710907945173468e-07	3.919164441867906e-07
1945	7.641791869770844e-07	3.754927563802214e-07
1946	8.240812852428852e-07	3.60157863659489e-07
1947	8.57630230452092e-07	3.2808354839224716e-07
1948	8.803795432348644e-07	2.9999905848399067e-07
1949	9.657902150398253e-07	2.839322499020065e-07
1950	9.480046238812585e-07	2.794414330407692e-07
1951	9.381593031321245e-07	2.786485201308356e-07
1952	9.187276483706748e-07	2.8806592768302964e-07
1953	9.175707061461123e-07	2.9507467656588104e-07
1954	9.02476618388651e-07	3.07402716868767e-07
1955	8.825486799781044e-07	3.0865753127987515e-07
1956	7.849087637623597e-07	2.9417121132675153e-07
1957	8.131393656185537e-07	2.788507832259971e-07
1958	7.976477312305568e-07	2.6035903439541084e-07
1959	7.931859369948922e-07	2.380845631120922e-07
1960	7.632394515764775e-07	2.1997151122832292e-07
1961	7.166262727358636e-07	1.9877539614299167e-07
1962	7.500827824255143e-07	1.8812997991192658e-07
1963	7.345554584909613e-07	1.8156783962045404e-07
1964	7.134331911272187e-07	1.7497037723452585e-07
1965	7.30086039116681e-07	1.6178612075431635e-07
1966	7.422535678155587e-07	1.60607303964103e-07
1967	8.097277535463425e-07	1.6520282437275974e-07
1968	8.412039684506973e-07	1.680941323911611e-07
1969	8.786248193765849e-07	1.6585305421098644e-07
1970	9.012895653930692e-07	1.676721512110037e-07
1971	9.175123035934771e-07	1.6652376595110191e-07
1972	9.019073721512021e-07	1.7081582370792603e-07
1973	9.111503962750638e-07	1.7518231995187046e-07
1974	8.264943858193874e-07	1.7378767885085316e-07
1975	8.039098377464273e-07	1.8062109217810628e-07
1976	7.368298854869084e-07	1.8468566460277153e-07
1977	7.202762779862886e-07	1.927967109135612e-07
1978	7.200444218012438e-07	2.035660072254229e-07
1979	7.497586044077512e-07	2.1477115248152196e-07
1980	7.546827224099875e-07	2.2003377304307443e-07
1981	7.82273827683509e-07	2.268311435825256e-07
1982	7.947455498781762e-07	2.353875702608223e-07
1983	7.852309197785092e-07	2.472895082356834e-07
1984	7.880899569759745e-07	2.571917211266087e-07
1985	7.75252747839009e-07	2.641516232415597e-07
1986	7.808748218199721e-07	2.715488847115921e-07
1987	8.096662976900657e-07	2.8797537611678437e-07
1988	7.954991312025024e-07	3.054140985828521e-07
1989	7.797153297620493e-07	3.1407202121564684e-07
1990	7.839237322774093e-07	3.187710758213923e-07
1991	7.946513846945891e-07	3.304868942320484e-07
1992	7.847059464438644e-07	3.3730118989946535e-07
1993	7.730266458695821e-07	3.465013622059944e-07
1994	7.417030961473106e-07	3.536056567554624e-07
1995	7.503745190920849e-07	3.512477145964762e-07
1996	7.728563511071635e-07	3.585443144921945e-07
1997	7.895338204174809e-07	3.7116691536149507e-07
1998	7.841866818125709e-07	3.7107183932979143e-07
1999	8.020736800062878e-07	3.7834159343219654e-07
2000	8.020194854907459e-07	3.816908105136463e-07
